004998181
004998198
009871557
009871564
001276343
001276350
006378141
001276336
007878046
007878022
007878039
006777753
006777760
006777777
006777814
006777951
006777944
006777982
006777999
006778019
008996176
008996183
008996190
008996206
008996213
008996220
008996237
009003781
008996244
008996251
008996268
008996275
008996282
008996299
009443877
008996312
009015746
008996329
008996336
008996343
008996350
008996367
008996374
008996381
009015753
009015760
009015777
009015784
008996398
008996404
008996411
008996428
008996435
008996442
008996459
008996466
008996473
009003798
008996480
008996497
008996503
009003804
008996510
008996527
009015791
009015807
009015814
009015821
009015838
009015845
009015852
008996534
008996541
008996558
008996565
008996572
008996589
008996596
009003811
008996602
008996619
008996626
008996633
008996640
009015869
008996657
009015876
008996664
008996671
008996688
009003828
008996695
008996701
008996718
008996725
008996732
008996749
008996756
008996763
008996770
008996787
008996794
008996800
009003835
008996817
008996824
008997005
008996831
008996848
008996855
008996862
008996879
008996886
008996893
008996909
008996916
008996923
008996930
008996947
008996954
008996961
008996978
009015883
009443952
008996992
008997012
008997029
008997036
008997043
008997050
008997067
008997074
008997081
008997098
008997104
008997111
008997128
008997135
008997142
008997159
008997166
008997173
008997180
008997197
008997203
008997210
008997227
008997234
008997241
008997258
008997265
008997272
008997289
008997296
008997302
008997319
008997326
008997333
009015890
008997340
009015906
009015913
008997357
008997364
008997371
008997388
008997395
008997401
008997418
008997425
008997432
008997449
008997456
008997463
008997470
008997487
008997494
008997500
008997517
008997524
008999467
008999474
008997531
008997548
008997555
009015920
008997562
008997579
009002364
009002371
009002388
009002395
009002401
009002418
009002425
009002432
009002449
009002456
009002463
009002470
009002487
009002494
009002500
009002517
009002524
009002531
009002548
008997586
008997593
008997609
009015937
009015944
009015951
008997616
009015968
008997623
009015975
008997630
008997647
008997654
008997661
009015982
009003842
009003859
008997678
008997685
008997692
008997708
008997715
008997722
008997739
008997746
008997753
008997760
008997777
008997784
008997791
008997807
008997814
008997821
008997845
008997852
008997869
008997876
008997883
008997890
008997906
008997913
008997920
008997937
008997944
008997951
008997968
008997975
008997982
008997999
008998002
008998019
008998026
008998033
008998040
008998057
008998064
008998071
008998088
008998095
008998101
008998118
008998125
008998132
008998149
008998156
008998163
008998170
008998187
008998194
008998200
008998217
008998224
009003866
008998231
008998248
008998255
008998279
008998293
008998262
008998286
009003873
008998309
008998316
008998323
008998330
008998347
008998354
009003880
008998361
008998378
008998385
008998392
008998408
008998415
008998422
008998439
008998446
008998453
008998460
008998477
008998484
008998491
008998507
008998514
008998521
008998538
008998545
008998552
008998569
008998576
008998583
008998590
008998606
008998613
008998620
008998637
008998644
008998651
008998668
008998675
008998682
008998699
008998705
008998712
008998729
008998736
008998743
008998750
008998767
008998774
008999658
008998781
008998798
008998804
008998811
008998828
008998835
008998842
008998859
008998866
008998873
008998880
008998897
008998903
008998910
008998927
008998934
008998941
008998958
008998965
008998972
008998989
008998996
008999009
008999016
008999023
008999030
008999047
008999054
008999061
008999078
008999085
008999092
008999108
008999115
008999122
008999139
008999146
008999153
008999160
008999177
008999184
008999191
008999207
008999214
008999221
008999238
008999245
008999252
008999269
008999276
008999283
008999290
008999306
008999313
008999320
008999337
008999344
008999351
008999368
008999375
008999382
008999399
008999405
008999412
008999429
008999436
008999443
008999450
008999481
008999498
008999504
008999511
008999528
008999535
008999542
008999559
008999566
008999573
008999580
008999597
008999603
008999610
008999627
008999634
008999641
009015999
008999672
008999689
008999696
008999702
008999719
008999665
009398832
009398849
009398856
009398863
009444119
009444126
009444133
009444072
009444089
009444096
009444102
009444065
009444034
009444041
009444058
009443990
009444003
009444010
009444027
009376403
009376427
009376472
009376489
009376410
009376441
009376496
009376458
009376465
009376557
009376564
009376526
009376533
009376540
009376502
009376519
009001114
009001121
009001138
009001145
009001152
009001169
009001176
009001183
009001190
009001206
009001213
009001220
009001237
009001244
009001251
009001268
009001275
009001282
009001299
009001305
009376380
009376359
009443815
009443785
009443792
009443808
009001312
009001329
009001336
009001343
009001350
009001367
009001374
009001381
009001398
009001404
009001411
009001428
009443617
009443624
009001435
009001442
009001459
009001466
009001473
009443631
009443648
009001480
009001497
009001503
009001510
009001527
009001534
009001541
009001558
009001565
009001572
009001589
009001596
009001602
009001619
009001626
009001633
009001640
009001657
009001664
009001671
009001688
009001695
009001701
009001718
009001725
009001732
009001749
009001756
009001763
009001770
009001787
009001794
009001800
009001817
009001824
009001831
009376366
009001848
009001855
009001862
009001879
009001886
009001893
009001909
009001916
009001923
009001930
009001947
009001954
009001961
009001978
009001985
009001992
009000070
008999870
008999887
008999894
008999900
008999917
009000018
008999924
008999931
008999948
009000025
009000056
008999955
008999962
008999979
009000049
009000063
008999986
008999993
009000001
009000032
009000087
009000131
009000148
009000155
009000162
009000179
009000186
009000094
009000100
009000117
009000124
009000193
009000315
009000322
009000339
009000346
009000209
009000216
009000223
009000230
009000247
009000254
009000261
009000278
009000285
009000292
009000308
009000452
009000353
009000360
009000377
009000384
009000391
009000407
009000414
009000421
009000438
009000445
009000469
009000476
009000483
009000490
009000506
009000513
009000520
009000537
009000544
009000551
009000568
009000575
009000582
009000599
009000605
009000612
009000629
009000636
009000643
009000650
009000667
009000674
009000681
009000698
009000704
009000711
009000728
009000735
009000742
009000759
009000766
009000773
009000780
009000797
009000803
009000810
009000827
009000834
009000841
009000858
009000865
009000872
009000889
009000896
009000902
009000919
009000926
009000933
009000940
009000957
009000964
009000971
009000988
009053311
009053335
009001015
009001022
009001039
009001046
009001053
009001060
009001077
009001084
009001091
009001107
009002005
009002012
009002029
009002036
009002043
009002050
009002067
009002074
009002081
009002098
009002104
009002111
009002128
009002135
009002142
009002159
009002166
009002173
009002180
009002197
009002203
009002210
009002227
009002234
009002258
009002265
009002272
009002289
009002296
009002302
009002319
009002326
009002333
009002340
009002357
009002241