04351856
04351863
04351870
04351887
04351894
04351900
04351917
04351924
04351931
04351948
04351955
04351962
04351979
04351986
04351993
04352006
04352013
04352020
04352037
04352044
04352051
04352068
04352075
04352082
04352099
04352105
04352112
04352129
05324415
05324439
05324446
05324453
05324477
08156181
08156198
08156204
08156211
08156228
08156235
08156242
08156259
08846167
08846174
08846181
08846198
08846204
08846211
08846228
08904317
08904324
08904331
09110717
09110724
09110731
09110748
09110755
09115811
09115828
08885128
08918765
09030657
09080393
07067587
07067532
07067518
05494590
05494583
05494576
05494569
05494552
05371716
05011889
05011872
05011865
05011858
05011841
05011834
05011827
05011810
05011803
05011797
05011780
05011773
04963721
04963714
04963707
04963691
04963684
04963677
04963660
04963653
04963646
04963639
04963622
01115673
01115680
01067415
01067439
01115642
01136210
01253481
01289244
01289251
01289268
01303018
01306576
03932759
01067408
01303032
03925850
05009695
05005833
05639397
05639403
01303056
01303063
01303223
01302981
01303087
01303070
01306644
01253573
01253566
01152074
01151992
01271522
01253559
01270747
01270723
01270709
01271362
01270754
01115659
01115697
01115703
01271485
01153620
01107975
01067422
03041413
06667603
06667610
02246840
02246857
02246864
01153576
01153583
01153590
01153606
01153637
07812712
01107647
01107661
01107692
07812682
07812699
07812705
01067637
01067644
01067651
01067668
07960802
01067507
01067514
01067521
01151954
01151961
01151978
01151985
01152005
01152012
01152029
01152043
01152050
01152067
01151930
01151947
01152142
01271270
01271379
01271386
01271515
01253498
01253511
01253528
01253535
01306583
01306668
01306675
04334750
01253504
01306569
01270693
01270716
01270730
01270761
03893111
03862452
01298710
01185317
08055927
01068191
01068207
01068214
01136234
01136432
01136456
01136463
01136470
01068221
01068238
01068245
01136227
04279914
05005826
01302660
01302677
01302752
01302769
01302998
01303001
01303162
01303179
01303230
03893067
07581854
08257901
01070354
01261462
01261479
01261493
01261509
01261578
01261585
01261653
01261844
01261851
08770509
08770585
08770592
01289213
01289237
01289275
01289282
01185300
09701816
09701823
09701830
09701847
09701854
09701861
09701878
09115828
09115811
09110748
09373044
09373068
09373051
09373020
09373037
09373105
09373099
09373075
09373112
09373143
09373129
09373167
09373150
09373136
09373082
09223349
09108837
09109148
09109711
09109704
09377226
09377196
09377202
09377219
09508101
09508095
09508118
09508125
09109698
09353916
09353923
09109780
09637726
09108738
09111257
09111240
09111264
09580497
09580473
09580480
09111646
09111639
09109117
09115576
09109230
09109278
09109285
09109056
09109216
09109223
09109049
09109025
09109032
09109063
09109100
09109070
09109094
09109018
09109087
09109001
09580527
09580534
09481060
09580503
09580510
09481077
09109599
09109582
09358690
09358706
09110540
09110557
09111042
09111028
09111035
09110977
09110359
09637672
09109797
09637665
09109766
09109773
09580329
09580312
09592278
09592285
09592292
09592308
09108691
09108707
09495982
09592315
09592322
09109988
09109940
09109933
09109926
09109957
09265752
09109964
09109971
09110298
09110250
09373013
09480247
09480254
09372986
09372993
09373006
09110168
09110175
09110182
09110199
09110205
09110212
09110229
09110236
09110243
09216273
09216266
09269484
09110311
09110304
09111059
09520783
09582545
09582552
09109360
09109377
09115590
09110021
09115675
09580374
09580367
09580350
09580343
09580336
09109636
09109643
09223363
09223356
09223394
09223400
09223424
09223370
09223387
09223417
09111486
09111493
09111509
09481411
09481404
09110564
09110571
09110588
09215795
09215788
09215801
09215818
09395381
09395374
09395367
09395428
09395473
09395466
09395459
09395442
09395435
09395497
09395480
09371231
09109438
09508880
09508866
09508897
09508873
09371262
09371248
09371255
09376267
09376250
09376281
09376274
09111516
09115941
09115958
09109414
09109384
09109421
09582569
09582576
09582583
09481091
09395329
09395336
09395282
09395305
09395299
09395312
09223332
09223325
09637719
09637702
09109759
09637689
09637696
09110281
09110267
09110274
09481237
09481244
09481220
09372948
09372955
09372962
09372979
09481398
09510227
09510234
09510180
09510241
09510210
09510203
09510197
09510166
09510173
09619920
09619937
09620001
09619890
09619944
09619951
09619906
09619913
09110618
09620025
09620018
09109346
09109353
09520790
09510463
09510456
09510449
09111141
09622036
09358669
09358676
09358683
09358652
09223318
09353930
09109452
09109469
09109445
09109476
09394933
09109483
09109742
09109728
09109735
09622074
09622081
09108868
09108882
09108844
09108875
09108943
09108899
09108851
09108950
09481350
09481312
09481329
09481343
09481336
09115897
09115927
09115903
09115910
09395275
09580305
09580299
09109186
09109193
09109124
09269477
09580381
09580398
09580404
09580411
09580428
09580435
09580442
09580459
09580466
09509979
09510005
09510074
09510067
09509986
09509993
09510012
09510029
09510036
09510050
09510043
09223301
09223295
09223486
09108912
09108967
09108929
09109155
09110328
09115767
09115774
09115750
09110335
09110014
09592254
09592261
09108905
09109131
09109209
09109841
09109827
09109834
09554238
09554221
09110007
09481305
09481275
09481282
09481213
09481206
09622043
09622050
09622067
09108936
09108981
09108998
09108974
09115804
09115798
09115781
09109391
09109407
09115583
09223479
09223462
09115866
09111417
09115842
09111400
09115873
09111387
09111394
09115859
09111424
09372795
09372801
09115637
09115620
09109629
09115644
09115613
09109612
09113077
