04998181
04998198
09871557
09871564
01276343
01276350
06378141
01276336
07878046
07878022
07878039
06777753
06777760
06777777
06777814
06777951
06777944
06777982
06777999
06778019
08996176
08996183
08996190
08996206
08996213
08996220
08996237
09003781
08996244
08996251
08996268
08996275
08996282
08996299
09443877
08996312
09015746
08996329
08996336
08996343
08996350
08996367
08996374
08996381
09015753
09015760
09015777
09015784
08996398
08996404
08996411
08996428
08996435
08996442
08996459
08996466
08996473
09003798
08996480
08996497
08996503
09003804
08996510
08996527
09015791
09015807
09015814
09015821
09015838
09015845
09015852
08996534
08996541
08996558
08996565
08996572
08996589
08996596
09003811
08996602
08996619
08996626
08996633
08996640
09015869
08996657
09015876
08996664
08996671
08996688
09003828
08996695
08996701
08996718
08996725
08996732
08996749
08996756
08996763
08996770
08996787
08996794
08996800
09003835
08996817
08996824
08997005
08996831
08996848
08996855
08996862
08996879
08996886
08996893
08996909
08996916
08996923
08996930
08996947
08996954
08996961
08996978
09015883
09443952
08996992
08997012
08997029
08997036
08997043
08997050
08997067
08997074
08997081
08997098
08997104
08997111
08997128
08997135
08997142
08997159
08997166
08997173
08997180
08997197
08997203
08997210
08997227
08997234
08997241
08997258
08997265
08997272
08997289
08997296
08997302
08997319
08997326
08997333
09015890
08997340
09015906
09015913
08997357
08997364
08997371
08997388
08997395
08997401
08997418
08997425
08997432
08997449
08997456
08997463
08997470
08997487
08997494
08997500
08997517
08997524
08999467
08999474
08997531
08997548
08997555
09015920
08997562
08997579
09002364
09002371
09002388
09002395
09002401
09002418
09002425
09002432
09002449
09002456
09002463
09002470
09002487
09002494
09002500
09002517
09002524
09002531
09002548
08997586
08997593
08997609
09015937
09015944
09015951
08997616
09015968
08997623
09015975
08997630
08997647
08997654
08997661
09015982
09003842
09003859
08997678
08997685
08997692
08997708
08997715
08997722
08997739
08997746
08997753
08997760
08997777
08997784
08997791
08997807
08997814
08997821
08997845
08997852
08997869
08997876
08997883
08997890
08997906
08997913
08997920
08997937
08997944
08997951
08997968
08997975
08997982
08997999
08998002
08998019
08998026
08998033
08998040
08998057
08998064
08998071
08998088
08998095
08998101
08998118
08998125
08998132
08998149
08998156
08998163
08998170
08998187
08998194
08998200
08998217
08998224
09003866
08998231
08998248
08998255
08998279
08998293
08998262
08998286
09003873
08998309
08998316
08998323
08998330
08998347
08998354
09003880
08998361
08998378
08998385
08998392
08998408
08998415
08998422
08998439
08998446
08998453
08998460
08998477
08998484
08998491
08998507
08998514
08998521
08998538
08998545
08998552
08998569
08998576
08998583
08998590
08998606
08998613
08998620
08998637
08998644
08998651
08998668
08998675
08998682
08998699
08998705
08998712
08998729
08998736
08998743
08998750
08998767
08998774
08999658
08998781
08998798
08998804
08998811
08998828
08998835
08998842
08998859
08998866
08998873
08998880
08998897
08998903
08998910
08998927
08998934
08998941
08998958
08998965
08998972
08998989
08998996
08999009
08999016
08999023
08999030
08999047
08999054
08999061
08999078
08999085
08999092
08999108
08999115
08999122
08999139
08999146
08999153
08999160
08999177
08999184
08999191
08999207
08999214
08999221
08999238
08999245
08999252
08999269
08999276
08999283
08999290
08999306
08999313
08999320
08999337
08999344
08999351
08999368
08999375
08999382
08999399
08999405
08999412
08999429
08999436
08999443
08999450
08999481
08999498
08999504
08999511
08999528
08999535
08999542
08999559
08999566
08999573
08999580
08999597
08999603
08999610
08999627
08999634
08999641
09015999
08999672
08999689
08999696
08999702
08999719
08999665
09398832
09398849
09398856
09398863
09444119
09444126
09444133
09444072
09444089
09444096
09444102
09444065
09444034
09444041
09444058
09443990
09444003
09444010
09444027
09376403
09376427
09376472
09376489
09376410
09376441
09376496
09376458
09376465
09376557
09376564
09376526
09376533
09376540
09376502
09376519
09001114
09001121
09001138
09001145
09001152
09001169
09001176
09001183
09001190
09001206
09001213
09001220
09001237
09001244
09001251
09001268
09001275
09001282
09001299
09001305
09376380
09376359
09443815
09443785
09443792
09443808
09001312
09001329
09001336
09001343
09001350
09001367
09001374
09001381
09001398
09001404
09001411
09001428
09443617
09443624
09001435
09001442
09001459
09001466
09001473
09443631
09443648
09001480
09001497
09001503
09001510
09001527
09001534
09001541
09001558
09001565
09001572
09001589
09001596
09001602
09001619
09001626
09001633
09001640
09001657
09001664
09001671
09001688
09001695
09001701
09001718
09001725
09001732
09001749
09001756
09001763
09001770
09001787
09001794
09001800
09001817
09001824
09001831
09376366
09001848
09001855
09001862
09001879
09001886
09001893
09001909
09001916
09001923
09001930
09001947
09001954
09001961
09001978
09001985
09001992
09000070
08999870
08999887
08999894
08999900
08999917
09000018
08999924
08999931
08999948
09000025
09000056
08999955
08999962
08999979
09000049
09000063
08999986
08999993
09000001
09000032
09000087
09000131
09000148
09000155
09000162
09000179
09000186
09000094
09000100
09000117
09000124
09000193
09000315
09000322
09000339
09000346
09000209
09000216
09000223
09000230
09000247
09000254
09000261
09000278
09000285
09000292
09000308
09000452
09000353
09000360
09000377
09000384
09000391
09000407
09000414
09000421
09000438
09000445
09000469
09000476
09000483
09000490
09000506
09000513
09000520
09000537
09000544
09000551
09000568
09000575
09000582
09000599
09000605
09000612
09000629
09000636
09000643
09000650
09000667
09000674
09000681
09000698
09000704
09000711
09000728
09000735
09000742
09000759
09000766
09000773
09000780
09000797
09000803
09000810
09000827
09000834
09000841
09000858
09000865
09000872
09000889
09000896
09000902
09000919
09000926
09000933
09000940
09000957
09000964
09000971
09000988
09053311
09053335
09001015
09001022
09001039
09001046
09001053
09001060
09001077
09001084
09001091
09001107
09002005
09002012
09002029
09002036
09002043
09002050
09002067
09002074
09002081
09002098
09002104
09002111
09002128
09002135
09002142
09002159
09002166
09002173
09002180
09002197
09002203
09002210
09002227
09002234
09002258
09002265
09002272
09002289
09002296
09002302
09002319
09002326
09002333
09002340
09002357
09002241